loracs/example/CMTC.asc
ncols 256
nrows 256
xllcorner 0
yllcorner 0
cellsize 1
NODATA_value -9999
[rows 140 to 159 of 256, columns 45 to 89 of 256]
0.7237344357868454 0.7246054114563781 0.723395550218247 0.7220800219126561 0.726008477226845 0.7242008727891225 0.7259865928606257 0.7210996244120281 0.7195071088728606 0.7197403273739993 0.7228815897198962 0.7196565446727584 0.7147914605903798 0.7098644781729794 0.7157681033273723 0.7116902122132854 0.7141099346895475 0.7102871464428185 0.712451766051723 0.712451766051723 0.712451766051723 0.7149371416266421 0.7088621963061325 0.7132827277524529 0.7105022353413734 0.7069783186944399 0.7079987301638705 0.704237840252163 0.7027728761466744 0.7033887489488494 0.7038551859511266 0.7025615420117549 0.6997554104708211 0.6969311493273034 0.691789078011348 0.6903678826382974 0.6923211681122823 0.6986512163001496 0.6970149320285441 0.6946971218561065 0.6900471266722827 0.6869458782951885 0.6873285325962248 0.6894093695038886 0.6879444053984
0.7203999689086126 0.7222475873151377 0.725133746793677 0.7223132404137947 0.7220800219126561 0.7266900031276771 0.7232717535482034 0.7221600498502614 0.7195071088728606 0.7200792129425976 0.7243684381916039 0.7178708246012551 0.7129438421838546 0.7098644781729794 0.7110962237773295 0.7180421447673718 0.7186580175695467 0.7149371416266421 0.7102871464428183 0.7138329474559708 0.7152360132264377 0.7106041476451979 0.7088621963061325 0.7104547118453 0.7136872664197084 0.7115226468108038 0.7069783186944399 0.7078674239665562 0.7081662955663519 0.7027728761466744 0.7027728761466744 0.7080387441326731 0.7038514311874914 0.6976089204645003 0.6908343196405747 0.695739417691756 0.6903678826382974 0.6946571078873037 0.6964647123250262 0.6987531286039742 0.6901309093735235 0.6870296609964291 0.6869458782951885 0.6869458782951885 0.6869458782951885
0.7203562001761746 0.7249224126587575 0.7245835270901592 0.7276009927660125 0.7230566646496485 0.7220800219126561 0.7272402228311952 0.7255239106219841 0.7251556311598958 0.7195071088728606 0.7234793329194875 0.717320604897737 0.7142193565206428 0.7155130004600146 0.7098644781729794 0.7148971276578395 0.7185742348683061 0.7197146882441446 0.7126012018516207 0.7102871464428183 0.7146201404242627 0.7165077727995907 0.7104547118453 0.7088621963061325 0.7096056205419863 0.7096056205419863 0.7082500782675927 0.7103527995414755 0.7069126655957827 0.7048099443218999 0.706806998528323 0.7027728761466743 0.7079111926989942 0.7004150520054341 0.6941469021525885 0.6908343196405747 0.6921936166786036 0.6903678826382974 0.6928094894807786 0.6945514408198439 0.6913226410090709 0.6923392977148661 0.6889429325016113 0.687372301328663 0.6916615265776692
0.7186580175695472 0.722564588517517 0.725942824128188 0.725942824128188 0.7303633555745083 0.7247767316224949 0.7220800219126561 0.7237163061842616 0.7227140243174146 0.7201010973088166 0.7180859134998099 0.7156224222911097 0.7144525750217813 0.713942369287066 0.7105860180426142 0.7098644781729794 0.7145801264554602 0.7155530144288172 0.7133665104536936 0.7102871464428183 0.7102871464428183 0.7135778445886132 0.7127068689190805 0.7088621963061325 0.7102871464428183 0.709798825074322 0.712346098984263 0.7082500782675927 0.7069126655957827 0.7060198055600311 0.7048099443218999 0.7064243442272866 0.7027728761466743 0.7006263861403537 0.698374229066573 0.6929151565482384 0.6908343196405747 0.6908343196405747 0.6903678826382974 0.6926819380470999 0.6919385138112459 0.6913226410090709 0.6932978108492748 0.6904516653395382 0.6902184468383995
0.7172330674328612 0.7172330674328612 0.7221381654840425 0.7224151527176192 0.7255820541933705 0.7258190274581444 0.7220800219126561 0.7224007778786709 0.7266900031276771 0.7222257029489183 0.7222475873151374 0.7199735458751378 0.7144525750217813 0.7143469079543215 0.711901546348205 0.7098644781729794 0.7138804709520443 0.7145801264554602 0.7175100546664374 0.7110305706786721 0.7110305706786721 0.7102871464428183 0.7133883948199126 0.7088621963061325 0.7090554008384684 0.7093724020408477 0.7088621963061325 0.7138110630897518 0.7086765013010672 0.7083995140674905 0.7048099443218999 0.7051307002879147 0.7064462285935056 0.7018362473784848 0.6990119862349672 0.6962715077926904 0.691960398177465 0.6950397621883403 0.6917490640425453 0.6903678826382974 0.6934872606179754 0.6913226410090709 0.6917271796763262 0.6968654962286461 0.6945295564536249
0.7184866974034303 0.717382503232759 0.7172330674328612 0.718104043102394 0.7233917954546116 0.7233917954546116 0.7220800219126561 0.72405519175286 0.7238876263503785 0.7222257029489183 0.7261979269955453 0.7186361332033279 0.7157681033273723 0.7144525750217813 0.7098644781729794 0.7123279693816795 0.7143250235881026 0.7138804709520443 0.7165953102644667 0.7129619717864382 0.7110305706786721 0.7102871464428183 0.7102871464428183 0.7088621963061325 0.7088621963061325 0.7088621963061325 0.7120472273844675 0.7143869219231241 0.7130713936175332 0.7086765013010671 0.7048099443218999 0.7063405615260456 0.7048318286881192 0.7033668645826304 0.7030898773490538 0.6963152765251284 0.694573325186063 0.6935747980828515 0.6947846593209825 0.6903678826382974 0.6904954340719762 0.6920660652449246 0.6949122107546613 0.6917271796763262 0.6934034779167345
0.7169160662304818 0.7187418002707879 0.7172330674328612 0.7211834071132691 0.7204837516098532 0.7220762671490207 0.7247548472562758 0.7220800219126561 0.7246929489212541 0.7227140243174146 0.721843048647882 0.7213109585469477 0.7169560801992843 0.7135597149860297 0.7098644781729794 0.7145363577230222 0.7124774051815774 0.7160450905609487 0.7143031392218834 0.7143031392218834 0.7135159462535913 0.7109249036112124 0.7116683278470664 0.7137891787235329 0.715636797130058 0.7120909961169054 0.7134502931549345 0.7126012018516207 0.7139423692870659 0.7114788780783657 0.7048099443218999 0.7079111926989942 0.7078674239665563 0.7044272900208637 0.7012641433087476 0.6988844348012883 0.697802124996836 0.6935747980828515 0.6938517853164281 0.6937861322177711 0.6903678826382974 0.6925106178809828 0.6932978108492748 0.6917271796763262 0.6952948650556978
0.7205894186773131 0.7169160662304818 0.7169160662304818 0.7223094856501594 0.7211834071132691 0.7204837516098532 0.7204837516098532 0.7252612982273559 0.7211433931444663 0.7245178739915017 0.721843048647882 0.7277685581684937 0.7220543827828014 0.7194452105378387 0.712688739316497 0.7098644781729794 0.7120728665143219 0.7163839761295472 0.7154292177587737 0.7168941818642622 0.7140042676220876 0.7109249036112124 0.7131332919525549 0.7135378306198105 0.7135378306198105 0.7142812548556642 0.7150027947252992 0.7153197959276786 0.7115407764133874 0.7091210539371253 0.7076123210991985 0.7048099443218999 0.7048099443218999 0.7044272900208637 0.7061473569937101 0.6992014360036676 0.6988844348012883 0.6955280835568365 0.6935747980828515 0.6936585807840921 0.6912169739416111 0.6903678826382974 0.6903678826382974 0.692554386613421 0.6958888534916537
0.7253888496610347 0.717998376034934 0.7172768361652992 0.7169160662304818 0.7209501886121304 0.7243284242228013 0.7211433931444662 0.7203999689086124 0.7204837516098532 0.7204837516098532 0.721843048647882 0.7233298971195896 0.7246635550277641 0.7221200358814585 0.7185742348683062 0.712688739316497 0.7098644781729794 0.7160232061947299 0.7209501886121301 0.7205275203422908 0.7135378306198105 0.7131332919525549 0.7109249036112124 0.7137491647547299 0.7135815993522485 0.7138986005546278 0.7115407764133874 0.7115407764133874 0.715130346158978 0.7134321635523506 0.7143906766867594 0.7115845451458255 0.7069126655957827 0.7045329570883235 0.7026853386817984 0.7064024598610678 0.7037276345174479 0.700987156075171 0.6949122107546614 0.6935747980828515 0.6972919192621208 0.6965266106600478 0.6944020050199461 0.6903678826382974 0.6930645923481361
0.72065507177597 0.7204837516098532 0.7240514369892247 0.7209939573445685 0.7169160662304818 0.7175538233988759 0.7198678788076781 0.7212052914794881 0.7203999689086122 0.7231404473508892 0.7204837516098532 0.721843048647882 0.7217373815804221 0.7231804613196918 0.7177651575337952 0.7137091507859273 0.7098644781729794 0.7123279693816795 0.7156186675274744 0.7219706000815606 0.7175938373676782 0.7129219578176356 0.7155967831612551 0.7109249036112124 0.7109249036112124 0.7115407764133874 0.7141318190557664 0.7151522305251969 0.7157462189611529 0.7154073333925546 0.7154073333925546 0.716362091763328 0.7105860180426142 0.7044272900208637 0.7057647026926736 0.7105241197075925 0.7109905567098697 0.7053639187890535 0.7012422589425287 0.699733526104602 0.6980572278641937 0.7005826174079156 0.6966541620937268 0.6956337506242961 0.6903678826382974
0.7244741052590639 0.7204837516098532 0.7228415757510936 0.7225245745487141 0.7169160662304818 0.7178708246012552 0.7175538233988759 0.7213766116456048 0.7240514369892246 0.7187855690032258 0.7187855690032258 0.7220143688139988 0.7177651575337951 0.7158118720598101 0.7158118720598101 0.7155348848262336 0.7108192365437528 0.7098644781729794 0.7137710491209492 0.718552350502087 0.7175100546664375 0.7129219578176356 0.7168103991630215 0.713198945051212 0.7128162907501755 0.7109249036112124 0.7117120965795043 0.712455520815358 0.7169779645655029 0.7171055159991817 0.7152578975926566 0.7138148178533873 0.7140080223857231 0.7099701452404391 0.7061692413599291 0.7117120965795045 0.7136872664197086 0.713519701017227 0.7063368067624106 0.7000724116732003 0.7000724116732003 0.6978859076980769 0.7015154914124699 0.6971862521946609 0.6903678826382974
0.7216498441155462 0.7248786439263192 0.7204837516098532 0.7221600498502615 0.7184866974034302 0.7169160662304817 0.7219487157153418 0.7187855690032258 0.7187855690032258 0.7191244545718242 0.7187855690032258 0.7209720729783492 0.7158118720598101 0.7164277448619852 0.7163839761295472 0.7147914605903798 0.7128781890851974 0.7108192365437528 0.7098644781729793 0.7127944063839566 0.7129219578176356 0.7159794374622916 0.7150246790915181 0.7146201404242627 0.7119671994468619 0.7109249036112124 0.7153416802938976 0.7117120965795043 0.7122004179480004 0.7135159462535913 0.7140042676220875 0.7133883948199125 0.7112018908447892 0.709525592604381 0.7071677684631406 0.7077836412653156 0.709459939505724 0.709459939505724 0.7051488298904985 0.7014535930774483 0.7051707142567175 0.7000942960394193 0.6978859076980769 0.6978859076980769 0.6954005321231576
0.7216498441155462 0.7271708149689026 0.7240295526230056 0.7204837516098532 0.7211615227470499 0.7177432731675762 0.7169160662304817 0.7213328429131668 0.7243284242228012 0.7219305861127581 0.7219706000815607 0.7158118720598101 0.7201010973088166 0.7177870419000142 0.7163839761295472 0.7147914605903798 0.7148533589254015 0.7160013218285107 0.712583072249037 0.7098644781729793 0.7144525750217813 0.7196127759403202 0.7161288732621895 0.7171930534640579 0.7172330674328605 0.7109249036112124 0.7129219578176352 0.7134940618873723 0.7109249036112124 0.7109249036112124 0.7145763716918244 0.7109249036112122 0.7108630052761908 0.7130276248850953 0.7100539279416799 0.7071677684631406 0.7092486053708041 0.7123717381141175 0.707550422764177 0.7063805754948487 0.7068069985283231 0.7065081269285275 0.699733526104602 0.7004331816080177 0.6981628949316532
0.7253231965623774 0.7216498441155462 0.7216498441155462 0.7208226371784516 0.7198678788076781 0.7169160662304817 0.7193357887067438 0.7177870419000143 0.726409261130465 0.7262416957279834 0.721908701746539 0.7186361332033278 0.7158118720598101 0.7212271758457068 0.7163839761295472 0.7152578975926568 0.7147914605903797 0.7171055159991819 0.7154073333925547 0.7098644781729793 0.7118177636469641 0.7151741148914161 0.7161288732621895 0.7162564246958683 0.7162564246958683 0.7141099346895474 0.7109249036112124 0.7109249036112124 0.7110524550448911 0.711795879280745 0.7109249036112122 0.713005740518876 0.7138986005546277 0.7099701452404391 0.708122526833914 0.7073353338656222 0.7071677684631406 0.7075285383979579 0.7077179881666585 0.7068470124971257 0.7096931580068624 0.7101852341389939 0.7055714981603377 0.7026634543155793 0.7004112972417986
0.7303596008108729 0.7282349951707711 0.727047018298859 0.726387376764246 0.7212709445781451 0.719973545875138 0.7169160662304817 0.7197184430077802 0.7227359086836337 0.7249005282925384 0.7210377260770064 0.7208445215446704 0.7158118720598101 0.7195071088728605 0.721121508778247 0.7182097101698534 0.7147914605903797 0.7173825032327585 0.7180421447673717 0.7124774051815773 0.7098644781729793 0.715279781958876 0.7169960941680867 0.716383976129547 0.7187418002707874 0.7168066443993861 0.7112637891798107 0.7110305706786721 0.7109249036112122 0.7109249036112122 0.711646443480847 0.7179327229362764 0.7168941818642621 0.7130495092513144 0.7133883948199129 0.7072515511643813 0.7084832967687313 0.7071677684631406 0.7075285383979579 0.7078455396003375 0.7068470124971257 0.709288619339607 0.7078417848367019 0.7043178681897685 0.6989463331363098
0.7319339867474568 0.7286395338380267 0.7325279751834127 0.7299807012734719 0.7243503085890203 0.726496798595341 0.7202286487424955 0.7169160662304817 0.7169160662304817 0.7175100546664377 0.7176376061001165 0.7158118720598101 0.716511527563226 0.7201667504074736 0.7235012172857065 0.7182097101698534 0.7172111830666418 0.7147914605903797 0.7159613078597079 0.7129000734514164 0.7098644781729793 0.7116064295120446 0.7134940618873723 0.7193357887067435 0.7148533589254012 0.713005740518876 0.7180383900037363 0.7161288732621893 0.7130713936175331 0.7138148178533871 0.7153635646601164 0.7153016663250947 0.7177213888013567 0.7171711690978393 0.7169779645655032 0.7105422493101762 0.7072515511643813 0.7072515511643813 0.7071677684631406 0.7068470124971257 0.7082900922363954 0.7110743394111104 0.709288619339607 0.7097150423730814 0.6994165249022225
0.7349076836908723 0.7286395338380267 0.7294486111725376 0.7263473627954433 0.7253488356922317 0.7278961096021728 0.7230128959172104 0.7218249190452983 0.7197622117402183 0.7169160662304817 0.7219487157153418 0.7182534789022914 0.7158118720598101 0.719102570205605 0.7264311454966839 0.722265716917721 0.7173387345003206 0.716362091763328 0.7129438421838545 0.7098644781729793 0.7111800064785702 0.7137091507859273 0.7117958792807451 0.7152578975926568 0.7169779645655031 0.7130895232201169 0.7185085817696487 0.7161288732621893 0.7158737703948317 0.7150684478239561 0.7138148178533869 0.7170836316329627 0.7186799019357655 0.7207169701109913 0.7171711690978393 0.7150903321901755 0.7141755877882047 0.7089097198022059 0.7130495092513144 0.7092704897370231 0.7068470124971257 0.7105641336763951 0.709288619339607 0.7089497337710087 0.6990957689362078
0.73259362828207 0.7286395338380267 0.7263911315278814 0.7257533743594873 0.726008477226845 0.7253488356922317 0.7270288886962752 0.7260922599280857 0.7205931734409482 0.7225645885175169 0.7169160662304817 0.7169160662304817 0.7158118720598101 0.7159394234934889 0.7215879457805241 0.7239638995243484 0.7174444015677804 0.7164277448619852 0.718574234868306 0.713177060684993 0.7098644781729793 0.7122004179480006 0.7117958792807451 0.713220829417431 0.7153854490263356 0.7130895232201169 0.7202067643762761 0.7187855690032255 0.7158737703948317 0.7208226371784511 0.7163001934283062 0.7138148178533869 0.7187855690032255 0.7186799019357655 0.7226921399511956 0.7171711690978393 0.7158775251584674 0.7169379505967006 0.7140299067519422 0.7117996340443804 0.7088221823373297 0.7068470124971257 0.7068470124971257 0.7071458840969214 0.6991395376686458
0.7315332028438368 0.7312343312440409 0.7263911315278814 0.7257533743594873 0.7300244700059099 0.7305309209769898 0.7253926044246698 0.7268175545613559 0.7210814948094446 0.7197221977714157 0.7185523505020872 0.7187236706682041 0.7181696962010508 0.7158118720598101 0.716533411929445 0.7181878258036342 0.7201848800100572 0.7219706000815607 0.7203343158099551 0.7129438421838545 0.7098644781729793 0.7114569937121468 0.7117958792807451 0.7122223023142196 0.7130895232201169 0.7130895232201169 0.7196527899091228 0.7196527899091228 0.7158737703948317 0.7166171946306855 0.720800752812232 0.7138148178533869 0.7180421447673716 0.7213984960118232 0.7186799019357655 0.7207607388434295 0.7175757077650946 0.7195508776052986 0.715323550691314 0.7141574581856209 0.7088221823373297 0.7072077824319433 0.7071458840969214 0.7035563143513309 0.7051269455242795
0.7376919308655873 0.735844312459062 0.7307241255093259 0.7257533743594873 0.7291097256039393 0.7314018966465224 0.7286614182042457 0.7253926044246698 0.7241170900878816 0.7195946463377367 0.7185523505020872 0.7211433931444662 0.7178089262662332 0.7202286487424953 0.7158118720598101 0.7180640291335907 0.7234574485532684 0.7232679987845678 0.7181077978660289 0.7149627807564963 0.7113513266446869 0.7098644781729792 0.7107135694762928 0.7168722974980433 0.7163001934283063 0.715152230525197 0.7167666304305835 0.7179327229362764 0.7179327229362764 0.7158737703948317 0.7158737703948317 0.7172768361652987 0.7138148178533869 0.7160013218285105 0.7168941818642621 0.7180202604011524 0.7184466834346274 0.7175757077650946 0.718530466135868 0.715367319423752 0.7122223023142197 0.7060635742924691 0.703600083083769 0.7035563143513309 0.7047042772544403
