loracs/example/CMTC.asc
ncols 256
nrows 256
xllcorner 0
yllcorner 0
cellsize 1
NODATA_value -9999
[rows 60 to 79 of 256, columns 0 to 44 of 256]
0.7128381751163956 0.7122879554128776 0.7116720826107025 0.7096531440380606 0.709270489737024 0.7119453150806437 0.7059579072250103 0.702772876146675 0.705491470222733 0.6987387537650265 0.6988006521000482 0.6955680975256398 0.6958850987280191 0.6934034779167351 0.6892380493377723 0.6866688910616123 0.6855865812571601 0.6823140127139489 0.6806595988397597 0.682929885516124 0.6807652659072194 0.6815705884780952 0.6786187759008986 0.6794897515704313 0.6821026785790294 0.6868802251965319 0.68949315220513 0.6894787773661815 0.683298164978212 0.6831487291783142 0.6818950992077449 0.6861005417555107 0.6807071223358331 0.6807071223358331 0.6807071223358331 0.6849744632186202 0.6860386434204888 0.6817713025377016 0.6843185764476425 0.6811773141017455 0.6757182415834109 0.6744864959790607 0.6761008958844472 0.6749091642488999 0.671596581736886
0.7128381751163956 0.7128381751163956 0.7115226468108047 0.7096531440380606 0.709270489737024 0.7142850096193005 0.7065337660583826 0.702772876146675 0.7051307002879155 0.7001999631068797 0.6957831864241947 0.6955680975256398 0.6958850987280191 0.6936366964178737 0.6881776238995391 0.6936985947528955 0.6888772794029548 0.6839502969855545 0.6839502969855545 0.6842891825541529 0.6836951941181969 0.6825072172462848 0.6842672981879339 0.6786187759008986 0.6795954186378911 0.681548704111876 0.6836951941181969 0.6874379544273205 0.6839140377803871 0.683298164978212 0.6818950992077449 0.6861224261217297 0.6838921534141681 0.6821939708075407 0.6835970365780076 0.680707122335833 0.68467934638246 0.6817713025377016 0.6820264054050592 0.6864031681189416 0.6811773141017455 0.6792640425965633 0.6744864959790607 0.6789032726617459 0.6759076913521114
0.7181478118348323 0.7171092707628182 0.7176594904663361 0.7120947508805416 0.709270489737024 0.7140080223857238 0.7096568988016957 0.702772876146675 0.7031736600502952 0.6957831864241947 0.6972262661634643 0.7001780787406606 0.6934034779167351 0.6928932721820199 0.6881776238995391 0.6925944005822241 0.6905135636745605 0.6874123152974662 0.686114916594459 0.6900690110385023 0.689981473573626 0.68692399392897 0.6812317029094966 0.6832906554509414 0.6786187759008986 0.6793403157705334 0.6826966670149853 0.6838483846817299 0.6838483846817299 0.683298164978212 0.6837427176142701 0.6818950992077449 0.6857397718206932 0.6821939708075407 0.6822996378750005 0.6815562136391466 0.680707122335833 0.6840853579465039 0.6817713025377016 0.6817713025377016 0.6823871753398766 0.6818988539713803 0.6782655154933518 0.6744864959790607 0.6768224357540821
0.7181478118348323 0.7206769561421895 0.7189787735355623 0.7148133449565994 0.709270489737024 0.709270489737024 0.705513354588952 0.702772876146675 0.7011147075088505 0.6963990592263697 0.6957831864241947 0.6972081365608807 0.6944857877211874 0.6907905509081371 0.6925944005822241 0.6881776238995391 0.6881776238995391 0.6881776238995391 0.686114916594459 0.6913007566428523 0.6902184468384 0.6882832909669988 0.68692399392897 0.6828461028148831 0.6842672981879339 0.6786187759008986 0.6821645769140511 0.683567642684518 0.684464257483905 0.683298164978212 0.6847850134499198 0.6818950992077449 0.6857178874544742 0.6831268448120951 0.6821939708075407 0.6861661948541676 0.680707122335833 0.6818332008727231 0.6848906805173794 0.6844023591488831 0.6817713025377015 0.6817713025377015 0.6835970365780076 0.6796248125313807 0.6740600729455861
0.7234136798208312 0.7181478118348323 0.7133483808511109 0.7102690168402356 0.7093980411707029 0.7115007624445855 0.7117558653119431 0.706657562728426 0.6998829619045004 0.6989682175025297 0.6957831864241947 0.7014754774436679 0.696337160891348 0.6957175333255374 0.6950397621883407 0.6917890780113486 0.6917453092789105 0.688921048135393 0.686114916594459 0.6900871406410859 0.6896425880050278 0.6882832909669988 0.6858854528569558 0.6828461028148831 0.6824015501788251 0.6791070972693948 0.6786187759008986 0.6824634485138468 0.6845480401851458 0.6845480401851458 0.6824271893086794 0.6818950992077449 0.6821720864413218 0.6856741187220361 0.6835094991131316 0.6815780980053656 0.680707122335833 0.680707122335833 0.6818332008727233 0.6844023591488831 0.6862280931891893 0.6837027036454674 0.6817713025377015 0.6782873998595706 0.6803063384322128
0.7225026901824957 0.7229291132159702 0.7172368221964969 0.7170436176641611 0.7143031392218842 0.7093980411707029 0.7088878354359877 0.7051088159216965 0.7033012114839741 0.6983961134327927 0.6993289874373471 0.6957831864241947 0.6977802406306176 0.7011109527452152 0.6985636788352741 0.6926162849484433 0.6917890780113486 0.6943801206537276 0.6916358874478155 0.686114916594459 0.686114916594459 0.686114916594459 0.6885602782005755 0.6824015501788251 0.6844386183540506 0.6821645769140511 0.6786187759008986 0.6847775039226491 0.6876311589596563 0.6862718619216274 0.6859729903218318 0.6818950992077449 0.6820226506414239 0.6861443104879487 0.6888629045640065 0.6864212977215253 0.6815780980053656 0.680707122335833 0.680707122335833 0.6809184564707526 0.6822558691425624 0.6875254918921966 0.6852552052158322 0.6831924979107521 0.678032296992213
0.7231185629846708 0.7260703755618672 0.7217154972142037 0.7220543827828022 0.715024679091519 0.713071393617534 0.708676501301068 0.7085489498673891 0.7036219674499888 0.7019419144459451 0.6957831864241947 0.697353817597143 0.7003712832729965 0.7011547214776531 0.6991176533024274 0.6940412350851292 0.693425362282954 0.6917890780113486 0.6912351035441953 0.6904041418434653 0.6863700194618166 0.6863700194618166 0.6853533627560214 0.683611411416956 0.6824015501788251 0.6808709329746793 0.6786187759008986 0.680382611606183 0.6853933767248241 0.6841910250139637 0.6818332008727233 0.6818332008727233 0.6818950992077449 0.6818950992077449 0.6833819476794527 0.6848250274187224 0.6830649464770734 0.6829373950433945 0.6814505465716868 0.680707122335833 0.6810460079044313 0.6841472562815256 0.6884583658967509 0.6834694851443287 0.679369709664023
0.7232023456859115 0.7231185629846708 0.7225645885175175 0.7193357887067443 0.715024679091519 0.7172587065627158 0.7121385196129796 0.7054477014902948 0.7047042772544411 0.7018800161109234 0.7001999631068797 0.6957831864241947 0.7009215029765146 0.6962496234264717 0.6944020050199465 0.694103133420151 0.6940412350851292 0.6927876051145601 0.6940812490539319 0.6912351035441953 0.6904697949421224 0.6896425880050278 0.6911075521105164 0.6868402112277291 0.6816981399117739 0.6798505215052487 0.6786187759008986 0.6836514253857587 0.680382611606183 0.6818332008727233 0.6856122203870142 0.6818332008727231 0.6818332008727231 0.6821283177088836 0.6818950992077449 0.6818950992077449 0.6825109720099201 0.6830649464770734 0.6814505465716868 0.680707122335833 0.6807071223358329 0.6868439659913643 0.6874198248247366 0.6837245880116863 0.6832143822769711
0.7258552866633122 0.7246891941576192 0.7212490602119265 0.7198059804726569 0.7160232061947305 0.715024679091519 0.7090153868696664 0.7047042772544411 0.7083776297012722 0.7045548414545431 0.7028785432141349 0.6965266106600484 0.6957831864241945 0.699285218704909 0.6976927031657415 0.6944020050199465 0.694103133420151 0.6928932721820199 0.6927876051145601 0.6912351035441953 0.6904697949421224 0.6907686665419182 0.6935491589529976 0.6877949695985026 0.6876893025310428 0.683567642684518 0.6798286371390296 0.6786187759008986 0.6793403157705334 0.6839284126193353 0.6858416841245176 0.6892674432312618 0.6851457833847371 0.6818332008727231 0.6824053049424602 0.6845699245513648 0.6818950992077449 0.6818950992077449 0.6818950992077449 0.6863556446228681 0.6807071223358329 0.6813229951380079 0.6846793463824598 0.6846793463824598 0.6832981649782117
0.7258552866633122 0.7286176494718082 0.7218430486478826 0.7201229816750362 0.7172549517990805 0.7126668549502786 0.7090153868696664 0.7047042772544411 0.707911192698995 0.7093105037058266 0.7045548414545432 0.6978421389656393 0.6957831864241945 0.6969092649610849 0.6976526891969388 0.6953348790245011 0.6944020050199466 0.6962277390602527 0.6917015405464725 0.6904697949421224 0.695247341559625 0.692700067649684 0.6907686665419179 0.689365600771451 0.6912351035441952 0.6872628794975683 0.6798286371390296 0.6804445099412046 0.6786187759008986 0.6835238739520799 0.6838446299180946 0.6861586853268969 0.6878643774607949 0.6865888631240067 0.6818332008727233 0.6824053049424602 0.6862280931891893 0.6848031430525032 0.6847412447174815 0.6828717419447373 0.685102014652299 0.6807071223358329 0.6854227706183137 0.6854008862520947 0.6861443104879484
0.7258552866633122 0.7304652678783331 0.7242627711241447 0.7225427041512983 0.717615721733898 0.7096093753056223 0.706508126928528 0.7072515511643819 0.7047042772544411 0.7071458840969221 0.7098863625391989 0.7019419144459451 0.701304157277551 0.6957831864241945 0.6966103933612892 0.6953348790245011 0.6944020050199466 0.7000505273069819 0.698476141370398 0.6937823774541362 0.6904697949421224 0.6904697949421224 0.6928895174183846 0.689365600771451 0.6867089050304149 0.6817819226130145 0.6799343042064894 0.6787463273345774 0.6787463273345774 0.6786187759008985 0.682780449716226 0.6845880541539485 0.6862899915242111 0.6862899915242111 0.6853571175196568 0.6818332008727233 0.6828936263109564 0.6828936263109564 0.6842529233489852 0.6828717419447373 0.6823215222412194 0.6807071223358329 0.6818332008727231 0.6832981649782119 0.6866545162226637
0.7258552866633122 0.7283625466044505 0.7293829580738809 0.7245835270901594 0.7194414557742042 0.7102033637415784 0.706508126928528 0.7073172042630389 0.707867423966557 0.7047042772544408 0.7059979211938129 0.7053601640254187 0.7010090404413906 0.6983523447003545 0.6957831864241945 0.6963990592263696 0.7000505273069819 0.6944020050199465 0.6961001876265739 0.6948246732897858 0.6933997231530998 0.6910856677442975 0.6904697949421224 0.6916796561802534 0.686136800960678 0.6885565234369401 0.6849669536913495 0.6794678672042122 0.6787463273345774 0.6786187759008985 0.6793622001367524 0.6813592543431755 0.6859292215893936 0.6859292215893936 0.6871171984613057 0.6818332008727233 0.6860386434204888 0.6885421485979917 0.6828936263109564 0.6828936263109564 0.6807071223358329 0.6830211777446351 0.6835751522117886 0.6818332008727231 0.6818332008727231
0.7258552866633122 0.7290840864740853 0.7287051869366842 0.7255164010947138 0.7185523505020877 0.7115226468108045 0.706508126928528 0.7088878354359874 0.7047042772544408 0.7047880599556817 0.7047880599556817 0.7086327325686298 0.7029623259153756 0.7010090404413906 0.70255778724812 0.6991176533024274 0.6978859076980772 0.6971205990960043 0.6944020050199465 0.6956737645930994 0.698454257004179 0.6963296513640772 0.6942706988226325 0.6896207036388087 0.6928895174183846 0.687368546565028 0.6830574369498027 0.6805939457411025 0.683461975617058 0.6814430370444161 0.6786187759008985 0.6822921283477298 0.6825766251085771 0.6859073372231747 0.6843367060502261 0.683276280611993 0.6818332008727233 0.683892153414168 0.6847631290837005 0.6852952191846348 0.685739771820693 0.6807071223358329 0.6821502020751026 0.6821502020751026 0.6829155106771755
0.7280417906384357 0.7258552866633122 0.7235849999869478 0.7198897631738975 0.7143469079543221 0.7114351093459285 0.706508126928528 0.7047042772544408 0.7075066540317395 0.7081444112001335 0.7047880599556817 0.7088040527347467 0.7069745639308052 0.7056590356252143 0.7060416899262507 0.7020475815134047 0.7010490544101934 0.6978859076980772 0.6944020050199465 0.6951454292558004 0.6999010915070839 0.6963296513640772 0.6939755819864721 0.6909581163106185 0.6900871406410859 0.6895150365713489 0.6893037024364294 0.6841397467542549 0.6815924728443139 0.6813811387093944 0.6820589098465911 0.6786187759008985 0.6818950992077449 0.6818950992077449 0.6832506414821387 0.6832506414821387 0.6820445350076428 0.6818332008727231 0.6848906805173794 0.683170613544533 0.6807071223358329 0.683126844812095 0.6844461278813213 0.6889248028990281 0.6834038320456717
0.7301007431798804 0.729739973245063 0.7277285441996917 0.7239276403191817 0.715024679091519 0.7082500782675935 0.7073172042630389 0.7097369267393011 0.7047042772544408 0.709121053937126 0.7047880599556817 0.706530011294747 0.7061911257261486 0.7066575627284258 0.702535902881901 0.7020475815134047 0.7028128901154777 0.7017924786460471 0.6944020050199465 0.6979696903993181 0.6951454292558004 0.6950797761571433 0.6946971218561069 0.6941650317551725 0.6895150365713489 0.6921060792137278 0.6931046063169394 0.6863919038280356 0.6848431570213062 0.6845880541539484 0.679639187370329 0.6786187759008985 0.6806377144735406 0.6839759361154087 0.6818950992077449 0.683698948881832 0.688199508265758 0.6836589349130293 0.6818332008727231 0.6841691406477446 0.6823215222412193 0.6807071223358329 0.6860386434204887 0.6860605277867077 0.685717887454474
0.7277466738022753 0.7252831825935752 0.7288289836067275 0.7211215087782477 0.7143469079543221 0.7119453150806437 0.708505181134951 0.7108011069411697 0.7070402170294623 0.7047042772544408 0.707145884096922 0.7047042772544408 0.7063186771598273 0.705870369760134 0.7021751329470837 0.7020475815134047 0.7050212784568203 0.7010490544101934 0.6963334061277126 0.6944020050199465 0.6986693459027338 0.6946971218561069 0.6950797761571433 0.6914064237103121 0.6895150365713489 0.6949340951208808 0.6928932721820197 0.6888553950367358 0.687390430931247 0.6839940657179924 0.683440091250839 0.6786187759008985 0.6824634485138467 0.6806377144735405 0.6822558691425624 0.6818950992077449 0.6841472562815256 0.6849088101199632 0.6818332008727231 0.6886078016966487 0.686421297721525 0.6807071223358329 0.686483196056547 0.6860605277867077 0.6863994133553061
0.7287670852717059 0.7294448564089027 0.7226702555849771 0.720822637178452 0.7157681033273726 0.7108411209099723 0.7098425938067608 0.708505181134951 0.708505181134951 0.7049374957555795 0.7047042772544408 0.7089935025034472 0.7047042772544408 0.7047042772544408 0.7063368067624112 0.7021751329470837 0.7020475815134047 0.7014535930774488 0.6988187817026317 0.6967160604287489 0.6944020050199465 0.6944020050199465 0.692149847946166 0.6931483750493774 0.6895150365713489 0.6918328467437864 0.6901746781059619 0.6888553950367358 0.6924230804161072 0.6855646968909408 0.6823577814463868 0.6814649214106351 0.6786187759008985 0.680233175806285 0.6841653858841092 0.6828498575785185 0.6810241235382123 0.6810241235382123 0.6818332008727231 0.6849563336160365 0.687208490689817 0.6846355776500218 0.6807071223358329 0.6859110919868098 0.6877805947595541
0.7277466738022753 0.7252831825935752 0.7282131108045525 0.728001776669633 0.7178089262662337 0.7145363577230226 0.7128600594826143 0.7141974721544242 0.7101633497727755 0.7072953198968199 0.705808471425112 0.7086546169348488 0.7120947508805414 0.7120947508805414 0.7090591556021042 0.7089935025034472 0.7061473569937106 0.7024083514482222 0.7000067585745436 0.6978859076980772 0.6991395376686463 0.6945514408198444 0.692149847946166 0.6950178778221215 0.6895150365713489 0.6946352235210851 0.6918328467437864 0.6888553950367358 0.6912132191779762 0.688600292169378 0.6829298855161238 0.6816981399117737 0.6786187759008985 0.680233175806285 0.6811079062394532 0.6810241235382123 0.6823177674775841 0.6814067778392486 0.6809803548057742 0.6809803548057742 0.6843986043852479 0.6819826366726212 0.6807071223358329 0.6833200493444307 0.6842529233489852
0.7287670852717059 0.7293829580738809 0.726642479631604 0.7252212842585533 0.7242846554903636 0.7180421447673724 0.720250533108715 0.7182753632685109 0.7108848896424104 0.7084213984337101 0.7101195810403375 0.7127762767813736 0.7138367022196068 0.7138367022196068 0.7122660710466583 0.7128819438488333 0.708439528036294 0.705148829890499 0.7039789826211708 0.7028128901154777 0.7007539375740328 0.693425362282954 0.692149847946166 0.6951635588583841 0.6895150365713489 0.6950578917909244 0.6940812490539318 0.694503917323771 0.6888553950367357 0.6869896470276269 0.6851201442548827 0.6841616311204739 0.6786187759008985 0.6844386183540505 0.6809803548057742 0.6809803548057742 0.6809803548057742 0.6809803548057742 0.6811916889406938 0.6815305745092922 0.6809803548057742 0.6840634735802849 0.6824271893086792 0.6807071223358329 0.6807071223358329
0.7295942922088005 0.7303814851770923 0.726642479631604 0.7268975824989616 0.7199516615089192 0.7221162811178238 0.723264244020933 0.7195946463377372 0.7170436176641608 0.7139642536532855 0.7188731064681023 0.7181915805672703 0.7183591459697517 0.7144525750217818 0.7144525750217818 0.7122660710466583 0.7132645981498698 0.7086327325686297 0.7113513266446876 0.7092486053708048 0.7030060946478135 0.6986474615365147 0.6912569879104141 0.6895150365713487 0.6933597091842969 0.6939318132540339 0.6967998431299895 0.6934434918855377 0.6894493834726917 0.6872847638637872 0.6875398667311448 0.6809147017071172 0.6786187759008985 0.6791727503680518 0.6831412196510434 0.6835094991131316 0.6848469117849414 0.6839978204816277 0.6861186713580941 0.6842091546165472 0.684292937317788 0.6809803548057742 0.6856122203870142 0.6821720864413215 0.6827041765422557
