loracs/example/CMTC.asc
ncols 256
nrows 256
xllcorner 0
yllcorner 0
cellsize 1
NODATA_value -9999
[rows 100 to 119 of 256, columns 45 to 89 of 256]
0.6894093695038889 0.6899377048411879 0.689875806506166 0.6861586853268967 0.6872409951313491 0.6918072076139319 0.6928057347171432 0.6887059592368375 0.685160158223685 0.685160158223685 0.6855209281585025 0.6856047108597434 0.6841616311204737 0.6835895270507366 0.6828861167836855 0.6825472312150872 0.6786187759008984 0.6804882786736425 0.6806996128085621 0.6838846438868971 0.6875179823649256 0.6882832909669985 0.6879300305594517 0.6861699496178025 0.6818807243687963 0.6815418388001978 0.6855759611818466 0.685320858314489 0.6818369556363582 0.6805395569333511 0.6789032726617453 0.6774601929224757 0.6788376195630883 0.6760352427857897 0.6742095087454836 0.675335587282374 0.6745302647114982 0.6738925075431043 0.6721067874716008 0.6753574716485929 0.6755906901497314 0.6717241331705643 0.6717022488043454 0.6736774186445492 0.6715965817368854
0.6918109623775673 0.6927876051145598 0.6884983798655534 0.6929332861508223 0.6933159404518587 0.6979440512694634 0.6979440512694634 0.6925506318497858 0.6907867961445013 0.6857760310258602 0.685160158223685 0.6844167339878313 0.6874304449000495 0.6841616311204737 0.6803388428737446 0.6788738787682558 0.6808490486084599 0.6786187759008981 0.6804882786736425 0.6806996128085621 0.6821864612802697 0.6874742136324875 0.68331253981716 0.6883927127980937 0.685914846750445 0.6831124699731463 0.6815418388001978 0.6838996629414382 0.6818369556363582 0.6805395569333511 0.6794753767314824 0.6802844540659935 0.6807946598007085 0.6787538368618474 0.6765454485205049 0.6742095087454836 0.6742095087454836 0.6739544058781259 0.6721067874716008 0.6721067874716008 0.6740600729455858 0.6718298002380241 0.6717022488043454 0.678371182560811 0.6769900011565632
0.6900690110385019 0.6884983798655534 0.6915558595102097 0.6945952095522822 0.6953348790245006 0.7007282984441783 0.6995003076034635 0.6970730755999307 0.6918728607125889 0.6908524492431584 0.6878168539647211 0.6889610621041953 0.6844167339878313 0.6844167339878313 0.6830355525835835 0.6793403157705331 0.6788738787682558 0.6786187759008981 0.6841616311204737 0.6858598137271009 0.6806996128085621 0.6806996128085621 0.6840121953205758 0.6885383938343561 0.6868402112277289 0.6843004468450584 0.683345688474285 0.6815418388001978 0.6815418388001978 0.6805395569333511 0.6794753767314824 0.6802844540659935 0.6807290067020515 0.6806633536033945 0.6764397814530452 0.6747816128152205 0.6744208428804032 0.679945568497395 0.6751861514824761 0.6740819573118048 0.6721067874716008 0.6717022488043454 0.6763741283543881 0.6790708380642269 0.6799455684973947
0.6884983798655534 0.6916834109438884 0.69905200020377 0.6975213829996243 0.6963334061277122 0.6953348790245006 0.6953348790245006 0.6953348790245006 0.6980315887343393 0.6982685619991132 0.6964171888289528 0.6916177578452314 0.6861586853268966 0.6845442854215101 0.681953242779131 0.6830355525835835 0.6809766000421386 0.6786187759008981 0.6814430370444158 0.6824634485138463 0.6835238739520796 0.6845442854215101 0.6806996128085621 0.6839284126193351 0.6890485995690714 0.6871684767210141 0.6844936513773943 0.6835388930066209 0.6844498826449562 0.6815418388001978 0.6794753767314824 0.6838083707129268 0.6807290067020515 0.6842347937464012 0.6815562136391461 0.6747816128152205 0.6744208428804032 0.679136491162884 0.675736371185994 0.6764616658192643 0.6752918185499358 0.6717022488043454 0.675736371185994 0.6779228751611175 0.678943286630548
0.6903459982720785 0.6945952095522822 0.7027034682843822 0.701643042846149 0.700433181608018 0.6982029089004563 0.6960164049253328 0.698673100666369 0.6996278590371424 0.7033230958501927 0.7017705942798276 0.6983523447003542 0.6914245533128954 0.6845661697877292 0.6856484795921813 0.6858416841245173 0.6855865812571597 0.683906528253116 0.6786187759008981 0.6793622001367521 0.6819313584129121 0.6825909999475253 0.6806996128085621 0.6838008611856562 0.688625931299232 0.6888372654341517 0.6877987243621377 0.6880613367567657 0.6835388930066209 0.6842385485100367 0.6794753767314824 0.6827041765422553 0.6807290067020515 0.6816218667378031 0.6819607523064016 0.6804301351022558 0.6744208428804032 0.6766511155879646 0.675736371185994 0.6790308240954243 0.6786700541606068 0.6736555342783302 0.6717022488043454 0.6745046255816438 0.67839306692703
0.694657107887304 0.6949741090896834 0.6995622059384853 0.7002618614419011 0.7002618614419011 0.7002618614419011 0.7012203745763099 0.6983123307315514 0.6983123307315514 0.6983123307315514 0.701242258942529 0.7025140185156815 0.6924049508135233 0.6906192307420199 0.6867126597940499 0.6881557395333197 0.6822083456464887 0.6803607272399635 0.6837789768194372 0.6786187759008981 0.6786187759008981 0.6794897515704309 0.6826747826487659 0.6805939457411022 0.6834838599832769 0.6835895270507366 0.6842891825541525 0.6873247778325897 0.6862681071579918 0.6879262757958163 0.6832543962457734 0.6794753767314824 0.6807290067020515 0.6827260609084745 0.6816218667378031 0.6805795709021537 0.6750367156825782 0.6744208428804032 0.6787319524956285 0.6836589349130289 0.6798361466662998 0.6760752567545923 0.6732728799772938 0.6717022488043451 0.6748034971814395
0.700983401311536 0.6949741090896834 0.7011328371114338 0.7027072230480176 0.7028128901154774 0.7005607330416969 0.7011984902100907 0.7021751329470833 0.701686811578587 0.6982685619991135 0.6983123307315514 0.7028566588479154 0.7028747884504991 0.6965009715301937 0.6903641278746622 0.6848212726550867 0.684715605587627 0.6834400912508388 0.6838446299180942 0.6839502969855541 0.6832906554509409 0.6786187759008981 0.6786187759008981 0.6832068727497002 0.6805939457411021 0.6813592543431751 0.6829517698823425 0.6827185513812039 0.6851639129873204 0.6862681071579918 0.6860130042906342 0.6846136932838024 0.6794753767314824 0.6815562136391461 0.6816218667378031 0.6801131338998763 0.6786262854281686 0.6744208428804032 0.6778828611923148 0.6806452240008107 0.6832762806119924 0.6810022391719928 0.6755469214172933 0.6717022488043451 0.6760352427857896
0.6988187817026316 0.6949741090896834 0.6964609575613911 0.701049054410193 0.7019419144459447 0.7024921341494628 0.7005607330416967 0.7028128901154774 0.6982685619991135 0.6985855632014929 0.6982685619991135 0.7014135791086458 0.7043835212884257 0.6992852187049086 0.6900471266722829 0.6866688910616119 0.6914902064115525 0.6914464376791144 0.6904078966071002 0.6901090250073045 0.682102678579029 0.6841616311204737 0.6812098185432771 0.6786187759008981 0.6789795458357156 0.683334424183379 0.6802550601725036 0.6802550601725036 0.6807433815409999 0.6807433815409999 0.6843110669203715 0.6802988289049418 0.6802988289049418 0.6794753767314824 0.6833600633132332 0.6782655154933511 0.6780541813584317 0.6799418137337595 0.6744208428804032 0.6796867108664019 0.6780322969922125 0.6806671083670297 0.6782436311271323 0.6735279828446514 0.6717022488043451
0.6987131146351717 0.696439073195172 0.6949741090896834 0.7008377202752734 0.7015154914124703 0.7024483654170246 0.7024483654170246 0.6976708187995221 0.7001124256420034 0.6983304603341353 0.6979478060330987 0.696439073195172 0.6970111772649088 0.6961439563590116 0.694507672087406 0.6926381693146619 0.6927657207483409 0.6949522247234643 0.6917453092789101 0.6855865812571597 0.6875179823649255 0.6848431570213057 0.6829736542485616 0.6803826116061825 0.6786187759008981 0.6786187759008981 0.6801712774712629 0.6817419086442115 0.6802550601725036 0.6802550601725036 0.6802550601725036 0.6802550601725036 0.6808709329746787 0.6842529233489848 0.6794753767314823 0.6780541813584317 0.6819607523064015 0.6827260609084743 0.6749091642488994 0.674420842880403 0.6760352427857896 0.6817494181714819 0.6796685812638182 0.6793478252978036 0.6744646116128411
0.6999448602395217 0.6973319332309238 0.6949741090896834 0.7006226313767187 0.6973757019633617 0.7005826174079157 0.7023426983495649 0.696439073195172 0.696439073195172 0.696439073195172 0.696439073195172 0.7002180927094631 0.696439073195172 0.6988806800376531 0.6974813690308217 0.6933378248180778 0.6926381693146619 0.6962277390602525 0.6900252423060639 0.6907248978094798 0.6861805696931157 0.6862243384255536 0.6876236494323854 0.6832906554509409 0.6801275087388249 0.6786187759008981 0.6806595988397591 0.6795335203028688 0.6801275087388249 0.6814868057768537 0.683950296985554 0.6835238739520795 0.678618775900898 0.678618775900898 0.678618775900898 0.6780541813584317 0.6825985094747956 0.6810278783018471 0.6796867108664019 0.674420842880403 0.6765016797880669 0.6772269744213371 0.6818550852389417 0.6765673328867239 0.6769062184553223
0.7031736600502948 0.69771458753196 0.6956956489593182 0.6949741090896834 0.696439073195172 0.696439073195172 0.696439073195172 0.6983523447003543 0.6993508718035656 0.6993508718035656 0.7041065340548492 0.7024702497832436 0.6982466776328944 0.696439073195172 0.6997297713409668 0.6942088004876105 0.6952073275908219 0.6925543866134212 0.6900252423060639 0.6928094894807788 0.6861805696931157 0.691829091980151 0.6882614066007794 0.6860930322282396 0.6823140127139485 0.6786187759008981 0.6786187759008981 0.6786187759008981 0.6786187759008981 0.6826528982825468 0.6786187759008981 0.6786187759008981 0.6832068727497002 0.6817200242779924 0.6838883986505322 0.6832143822769706 0.6780541813584317 0.6819826366726206 0.6805395569333509 0.6761409098532494 0.674420842880403 0.6756963572171912 0.6756963572171912 0.6756963572171912 0.6756963572171912
0.7031736600502948 0.6973538175971428 0.6975213829996243 0.697011177264909 0.6949741090896833 0.6965484950262671 0.6988406660688505 0.6985855632014929 0.6983523447003542 0.6997554104708212 0.6996278590371424 0.698523664866471 0.696548495026267 0.6994565388710254 0.696439073195172 0.6985199101028359 0.6989644627388939 0.6954843148243985 0.6900252423060639 0.6902365764409835 0.6861805696931157 0.6902803451734215 0.6943144675550701 0.6926781832834644 0.6873285325962248 0.6832068727497002 0.67940596886919 0.6830574369498023 0.6804882786736423 0.6786187759008981 0.6830793213160213 0.6835457583182986 0.6799780729389272 0.6814211526781967 0.6814211526781967 0.6814211526781967 0.6801350182660955 0.6780541813584317 0.6806014552683726 0.6744427272466221 0.674420842880403 0.6764835501854831 0.6775877443561544 0.6780541813584317 0.677799078491074
0.6987131146351717 0.6975870360982814 0.6973538175971428 0.6952292119570409 0.6949741090896833 0.6971643678284422 0.6965484950262671 0.7000942960394195 0.6983961134327923 0.6965484950262671 0.6965484950262671 0.6965484950262671 0.6994565388710254 0.6974194706957997 0.7012385041788933 0.6966066385976535 0.6966066385976535 0.6991357829050108 0.6911075521105161 0.6867964424952908 0.6861805696931157 0.6888991637691736 0.6902803451734215 0.6946133391548657 0.6927876051145596 0.6889867012340496 0.6837170784844154 0.6838883986505322 0.6868402112277288 0.6853933767248237 0.6836951941181965 0.6834619756170579 0.6830355525835833 0.6799780729389271 0.6801894070738466 0.6801894070738466 0.6801894070738466 0.6786481697943877 0.6761846785856875 0.6791146067966649 0.674420842880403 0.6772451040239207 0.6793478252978035 0.6781160796934533 0.6759514600845489
0.7037238797538128 0.6989025644038722 0.6975870360982813 0.6949741090896833 0.6966941760625296 0.70245212018066 0.698673100666369 0.6965484950262671 0.6965484950262671 0.7001380647718575 0.7020913502458426 0.7003931676392152 0.701774349043463 0.7023426983495648 0.7019419144459446 0.703997112223754 0.6997516557071858 0.6945476860562088 0.6928932721820196 0.6891104979040932 0.6867964424952908 0.6861805696931157 0.691701540546472 0.6921279635799467 0.6942925831888511 0.691151320842954 0.6869239939289695 0.6854809141896997 0.6856084656233786 0.6856084656233786 0.6843329512865904 0.689154266636531 0.6882395222345603 0.6840559640530137 0.6799780729389271 0.6824415641476272 0.6808052798760217 0.6805395569333509 0.6792640425965627 0.6831305995757299 0.6778609768260957 0.674420842880403 0.674420842880403 0.674420842880403 0.674420842880403
0.7008158359090544 0.6996241042735071 0.7017487099136088 0.6949741090896833 0.6975432673658433 0.6993071030711276 0.7027072230480176 0.6982904463653324 0.7023026843807619 0.7001999631068794 0.7040446357198274 0.7060416899262504 0.7035744439539148 0.7018543769810685 0.7018543769810685 0.7018543769810685 0.7003675285093608 0.6935929276854353 0.6954186617257415 0.6905973463758008 0.6913626549778737 0.6875836354635827 0.6861805696931157 0.6869239939289696 0.6875179823649256 0.6928276190833624 0.6903422435084431 0.6856922483246193 0.6854809141896997 0.6854809141896997 0.6843329512865904 0.6873066482300059 0.687922521032181 0.6849050553563274 0.6799780729389271 0.6799780729389271 0.6799780729389271 0.6802112914400658 0.6844242435151018 0.6847231151148974 0.6796466968975992 0.6805795709021535 0.6766729999541836 0.6811954437043286 0.6799636980999785
0.7008158359090544 0.6996241042735071 0.7011984902100907 0.6957175333255372 0.6949741090896833 0.6988187817026313 0.7021313642146452 0.699667873005945 0.699667873005945 0.699667873005945 0.7019200300797256 0.7032793271177545 0.707040217029462 0.7054039327578563 0.7075941914966151 0.7046423789194187 0.7014317087112294 0.6988369113052152 0.6926781832834646 0.6915521047465744 0.6905973463758008 0.6897701394387062 0.6861805696931157 0.6885383938343561 0.6869239939289696 0.6936767103866761 0.6935310293504134 0.688560278200575 0.6884764954993343 0.6860348886568531 0.6867126597940498 0.6843329512865904 0.6845880541539481 0.682590999947525 0.6818256913454522 0.6843548356528094 0.68197512714535 0.6799780729389271 0.6829080011499045 0.684978217982255 0.6822996378749999 0.6802406853335552 0.6804338898658912 0.6773764102212348 0.6788232447241399
0.7057828322952575 0.6996241042735071 0.7011947354464556 0.6963115217614931 0.6949741090896833 0.6967160604287486 0.7011109527452147 0.7014535930774484 0.7001999631068794 0.7005388486754777 0.699667873005945 0.7019200300797256 0.7001999631068794 0.6980534731005584 0.7009871560751713 0.7017487099136088 0.6980534731005584 0.6976270500670839 0.6988369113052152 0.6980097043681204 0.6962458686628361 0.6918509763463699 0.6881338551671007 0.6861805696931157 0.6861805696931157 0.6886221765355969 0.691235103544195 0.694380120653727 0.6910675381417133 0.6863956585916705 0.6866069927265901 0.6847993882888677 0.6843329512865903 0.6827404357474229 0.6823358970801675 0.6831668587808972 0.6811260358420363 0.6812098185432771 0.6799780729389271 0.6829080011499045 0.6812173280705477 0.6802406853335552 0.6816475058676574 0.6777371801560522 0.6773764102212348
0.704168432389871 0.6998573227746457 0.6996241042735071 0.701643042846149 0.6986474615365146 0.6949741090896833 0.6962058546940333 0.7014717226800322 0.6987349990013906 0.7013041572775506 0.6968217274962084 0.7013041572775506 0.7008777342440761 0.6949741090896833 0.6949741090896833 0.6949741090896833 0.6949741090896833 0.7012385041788936 0.7001561943744411 0.7001561943744411 0.6998173088058429 0.6974813690308215 0.6910456537754944 0.6921279635799467 0.6913845393440927 0.6861805696931157 0.6911513208429542 0.6922155010448227 0.6967160604287486 0.6914064237103116 0.6863956585916705 0.6867745581290715 0.6893874851376696 0.684566169787729 0.6823358970801675 0.6843548356528094 0.6811260358420363 0.6812098185432771 0.6847556195564296 0.6799780729389271 0.6802406853335552 0.6834913695105472 0.6822196099373944 0.6777371801560522 0.6773764102212348
0.7024702497832436 0.704784305192046 0.7051669594930825 0.7054439467266591 0.7027472370168203 0.6996241042735071 0.6949741090896833 0.6949741090896833 0.6949741090896833 0.6949741090896833 0.6949741090896833 0.6949741090896833 0.6949741090896833 0.6953348790245006 0.697098714729785 0.6971824974310258 0.6949741090896833 0.695717533325537 0.698330460334135 0.7015555053812729 0.7001561943744411 0.6953567633907197 0.6910456537754944 0.6910456537754944 0.6916177578452314 0.6861805696931157 0.6876055198298018 0.6906848838406768 0.6889029185328087 0.6912388583078302 0.6884546111331152 0.6863956585916705 0.6893874851376696 0.6864794412929112 0.6823358970801675 0.6827404357474229 0.6812535872757152 0.6811260358420363 0.6849050553563274 0.6799780729389271 0.6811954437043287 0.6815599684027813 0.6826203938410146 0.681771302537701 0.6773764102212348
0.706781359398469 0.7099920296066584 0.7100501731780448 0.70675947503225 0.7059103837289362 0.7001999631068794 0.7026634543155794 0.6984798961340329 0.6952510963232599 0.6952510963232599 0.6959726361928946 0.6967379447949675 0.6999010915070837 0.6984142430353759 0.7023464531132001 0.7017924786460467 0.6969273945636681 0.6949741090896833 0.695739417691756 0.6981591401680182 0.6991138985387916 0.6993289874373466 0.6929770548832602 0.6924049508135233 0.6867126597940502 0.6861805696931157 0.6906411151082389 0.6876055198298018 0.688582162566794 0.688582162566794 0.688582162566794 0.6888991637691735 0.6863956585916704 0.6863956585916704 0.6823358970801675 0.6860749026256556 0.682612884313744 0.6811260358420363 0.68537524712224 0.6813373699769559 0.6799780729389271 0.6833563085495978 0.6809003268681681 0.6781198344570887 0.6773764102212348
