loracs/example/CMTC.asc
ncols 256
nrows 256
xllcorner 0
yllcorner 0
cellsize 1
NODATA_value -9999
[rows 0 to 19 of 256, columns 45 to 89 of 256]
0.7030536181438871 0.7028641683751867 0.7028641683751867 0.7028641683751867 0.6999923837355957 0.6957031584865893 0.6976564439605742 0.6991870611647201 0.7034981707799454 0.7038770703173463 0.7058522401575503 0.7093761568044837 0.7094199255369217 0.7094199255369217 0.704748045986879 0.7088040527347467 0.7075723071303965 0.7120547369117387 0.7097187971367174 0.7097187971367174 0.7127762767813736 0.7137129055495635 0.7204875063734889 0.7239495246854006 0.7282606343006259 0.731132418940217 0.731132418940217 0.732936268614304 0.732936268614304 0.7339129113512963 0.7323422801783479 0.7285595059004216 0.7273277602960715 0.7299406873046694 0.7294085972037352 0.7300244700059103 0.7355892095917047 0.7362088371575151 0.7354216441892232 0.737374929663208 -9999.0 -9999.0 -9999.0 0.737903265000507 0.7375862637981276
0.6985711883625448 0.6996534981669972 0.7011584762412886 0.7007358079714495 0.6957031584865893 0.6974232254594357 0.6957031584865893 0.7030936321126899 0.7031374008451278 0.706701331460864 0.7038770703173463 0.7038770703173463 0.7063186771598275 0.7082100642987907 0.7038770703173463 0.7038770703173463 0.7038770703173463 0.7064899973259443 0.7113732110109067 0.7087202700335059 0.7084870515323674 0.709314258469462 0.714583881219096 0.7212490602119265 0.7239057559529625 0.7277322989633269 0.7307059959067423 0.7307059959067423 0.7318939727786544 0.7287089417003193 0.7260741303255023 0.7236325234830212 0.7236325234830212 0.7256914760244659 0.7265405673277795 0.7291097256039395 0.7301957901720271 0.730939214407881 0.730939214407881 0.7309392144078809 0.730217674538246 0.7341242454862159 0.7360556465939818 0.7335921553852817 0.7368828535310766
0.6949997482195381 0.6949997482195381 0.6949997482195381 0.6952767354531149 0.6952767354531149 0.6952767354531149 0.6952767354531149 0.6980791122304133 0.7030898773490546 0.7031374008451278 0.7058960088899884 0.7050031488542366 0.7038770703173463 0.7038770703173463 0.7064681129597253 0.7053858031552731 0.7058303557913312 0.7038770703173463 0.7038770703173463 0.7081662955663527 0.7087202700335059 0.7050031488542366 0.7117777496781621 0.7126268409814759 0.7146676639203368 0.720953943375766 0.7254545027596919 0.7290259429026987 0.7279655174644656 0.7257352447569039 0.721741136344058 0.7246529349524516 0.7259903476242615 0.7236325234830211 0.7288146087677791 0.7265405673277795 0.726966990361254 0.726966990361254 0.7287089417003193 0.7260122319904805 0.7292810457700564 0.7292810457700564 0.7292810457700564 0.7311067798103625 0.7346525808235148
0.6924743586758162 0.6955318383204725 0.6937498730126044 0.6974013410932166 0.7008671141687636 0.6987825224974645 0.6967635839248224 0.6952767354531149 0.6978240093630557 0.699802933966895 0.7027109778116534 0.7057065591212878 0.7057246887238714 0.7084651671661484 0.7079987301638712 0.7103127855726735 0.7106116571724691 0.7100139139728778 0.7048755974205577 0.7038770703173463 0.7038770703173463 0.7038770703173463 0.7057028043576523 0.7076998585640755 0.714474459388001 0.7173825032327593 0.7185742348683066 0.7227796774160722 0.7251593859235316 0.7202761722385692 0.7180458995310077 0.723694421818043 0.7211690322743209 0.7204256080384671 0.7237381905504808 0.7235049720493424 0.726945105995035 0.724397832085094 0.724397832085094 0.724397832085094 0.7265005533589768 0.7302395589044651 0.7302614432706841 0.7283919404979399 0.730410879070582
0.6940231054825456 0.6924743586758162 0.6924743586758162 0.6924743586758162 0.6943438614485603 0.6958307099202681 0.6957688115852462 0.6952586058505311 0.6950872856844142 0.6985493039963259 0.6986330866975665 0.7003131397016102 0.7057284434875067 0.7092742445006592 0.711992838576717 0.7102508872376516 0.7120985056441768 0.7115045172082207 0.7079768457976521 0.7106516711412718 0.7085527046310244 0.7079768457976521 0.7038770703173463 0.7092704897370239 0.7129038282150525 0.7146020108216797 0.7154948708574314 0.7166209493943217 0.7180458995310077 0.7180458995310077 0.7184904521670659 0.7180458995310076 0.7190225422680002 0.7190225422680002 0.7181953353309054 0.7189168752005403 0.7207863779732845 0.7245472678849919 0.7259903476242615 0.7259284492892397 0.7217230067414743 0.7222332124761895 0.723803843649138 0.7284357092303779 0.7254838966531816
0.6998248183331139 0.6973175583919757 0.6993802656970558 0.6943657458147794 0.6924743586758162 0.6924743586758162 0.6924743586758162 0.6924743586758162 0.6924743586758162 0.6950216325857571 0.6924743586758161 0.696402813990005 0.7003131397016102 0.7048574678179741 0.7075760618940319 0.7083413704961048 0.7071715232267765 0.708785923132163 0.708785923132163 0.7108667600398267 0.7124373912127753 0.7066613174920612 0.7038770703173463 0.7048755974205577 0.7088478214671847 0.7123936224803372 0.715134100922614 0.7198059804726568 0.7192338764029198 0.721635469276598 0.7232279848157658 0.7228234461485102 0.7180458995310076 0.7180458995310076 0.7180458995310076 0.7180458995310076 0.7230785490158678 0.7239095107165978 0.7206844656694601 0.7233155222806418 0.718643642730599 0.723781959282919 0.7196202854675915 0.7221894437437515 0.7217886598401313
0.6957650568216108 0.6989319582973622 0.7011622310049239 0.6959363769877278 0.6928788973430717 0.6928788973430717 0.6937498730126043 0.6949159655182973 0.6940887585812027 0.6924743586758161 0.6934291170465896 0.6924743586758161 0.6981228809628512 0.7011841153711428 0.7032430679125875 0.7013735651398434 0.7021570033445 0.7047918147193171 0.7064062146247035 0.7069164203594188 0.7067232158270829 0.7045367118519594 0.7045367118519594 0.7038770703173463 0.7088040527347467 0.7107792225749505 0.7173062300587891 0.7210633652068611 0.7208701606745254 0.7219343408763939 0.7242083823163934 0.7252069094196049 0.7248642690873713 0.7211252635418829 0.7222513420787732 0.7189168752005403 0.7177726670610663 0.7177726670610663 0.7177726670610663 0.7177726670610663 0.7188549768655186 0.718643642730599 0.7229109836133862 0.7190700657640733 0.7194308356988909
0.6919641529411008 0.6950435169519762 0.6981447653290704 0.696490351454881 0.6938117713476261 0.6930064487767504 0.6975070081606762 0.6965122358211001 0.6954699399854506 0.6974013410932165 0.6968292370234794 0.6981228809628512 0.6924743586758161 0.6960858127876257 0.6978458937292746 0.6978458937292746 0.6978458937292746 0.6979734451629535 0.7010528091738286 0.7052363673553751 0.7030717477464706 0.7073828573616959 0.7093980411707026 0.7038770703173463 0.7051744690203534 0.7051125706853317 0.7143506627179574 0.7155642787197237 0.7140955598505998 0.7202542878723502 0.7259722180216778 0.7268213093249914 0.7243140493838532 0.722087531439927 0.718880615995373 0.7198753883349491 0.7176888843598255 0.7217011223752552 0.7205569142357812 0.7216173396740143 0.7159688173869792 0.7187711941642777 0.7172224473575481 0.7237200609478971 0.7190700657640733
0.6943838754173629 0.6934728857790277 0.6971462382258589 0.6936223215789254 0.6930064487767504 0.6936223215789254 0.6933234499791298 0.6972556600569539 0.7013954495060625 0.7048574678179742 0.7045367118519594 0.6995478310995373 0.6924743586758161 0.6963190312887642 0.6995697154657563 0.7039864921484414 0.6999048462707194 0.6978458937292745 0.6978458937292745 0.6978458937292745 0.702007567544602 0.7074266260941341 0.709995784370294 0.7036219674499885 0.699015740998603 0.7015848992747629 0.7051125706853316 0.7110599645721625 0.7104003230375495 0.7167303712254168 0.7198935179375328 0.7169673444901907 0.7161582671556798 0.7147589561488481 0.7147589561488481 0.7149702902837677 0.7158193815870812 0.7176888843598255 0.7190481813978543 0.7149702902837677 0.7116577077717537 0.7119965933403523 0.7155423943535046 0.7226158667772259 0.7190700657640733
0.6909437414716703 0.6913045114064879 0.6913045114064879 0.6913045114064879 0.6913045114064879 0.6936842199139472 0.6933234499791298 0.6989538426635814 0.7013335511710406 0.7039864921484412 0.7092961288668782 0.7055389937188061 0.6977402266618149 0.6924743586758161 0.697062455524618 0.7017343350746609 0.7043034933508208 0.7034544020475072 0.7040046217510251 0.7005644878053323 0.6978458937292745 0.703366864582631 0.7052363673553751 0.6995878450683399 0.7015848992747629 0.6972737896595376 0.6997372808682377 0.703432517681288 0.7102071185052136 0.7153491898211689 0.7143725470841764 0.7108448756736077 0.7099995391339292 0.7130570187785855 0.7156918301534025 0.7145257376477095 0.7146314047151693 0.7116577077717537 0.7116577077717537 0.7116577077717537 0.7154367272860449 0.7116577077717537 0.7112931830733011 0.7183047571620006 0.7190700657640733
0.6909437414716703 0.6928351286106335 0.6939174384150857 0.6927513459093928 0.6933015656129108 0.6913045114064879 0.6931302454467938 0.6962352485875235 0.702860413611551 0.6994821780008801 0.7027728761466749 0.7034762864137262 0.6986330866975665 0.6924743586758161 0.6950435169519761 0.7000761664368362 0.7022664251755951 0.7024996436767337 0.7056409060226306 0.7062786631910246 0.702135118978281 0.6978458937292745 0.6978458937292745 0.6978458937292745 0.6975726612593333 0.6948102984508374 0.6975726612593333 0.7049631348854338 0.7075322931615937 0.7119709542104979 0.7127981611475925 0.7065337660583823 0.7118471575404544 0.7099995391339292 0.7118471575404544 0.711657707771754 0.711657707771754 0.7142268660479139 0.7117414904729946 0.7129294673449066 0.7117414904729946 0.711398850140761 0.7069820734580758 0.712630595745111 0.7163696012905992
0.6918222266684737 0.6909437414716703 0.6909437414716703 0.6910494085391302 0.6910494085391302 0.6952110823544576 0.6913045114064879 0.694383875417363 0.6986949850325884 0.6990338706011866 0.6981447653290702 0.7016686819760037 0.6985711883625448 0.6962752625563261 0.6924743586758161 0.694427644149801 0.6995697154657561 0.7019056552407776 0.7030936321126897 0.7062348944585867 0.7050906863191128 0.7046204945532001 0.7046204945532001 0.7006520252702085 0.693706104280166 0.6923468072421372 0.6985055352638877 0.70545145625393 0.706111097788543 0.7082138190624258 0.7082319486650096 0.7040702748496821 0.7089972572670824 0.7104222074037685 0.7099995391339292 0.7124411459764104 0.7125249286776513 0.7119965933403523 0.7099995391339292 0.7099995391339292 0.7100833218351701 0.7069820734580758 0.7078092803951704 0.7069820734580758 0.7088078074983819
0.694457038043291 0.6916727908685759 0.6913920488713639 0.6909437414716703 0.6909437414716703 0.6896463427686631 0.695549967923056 0.6948721967858592 0.6974851237944572 0.6993327422009823 0.695065401318195 0.6995221919696829 0.6990776393336247 0.7003531536704128 0.6968911353585012 0.6924743586758161 0.6939612071475236 0.6946827470171586 0.693239667277889 0.6939174384150857 0.6967235699560196 0.6976564439605739 0.6993364969646176 0.6940449898487645 0.6913482801389256 0.6913482801389256 0.6972519052933185 0.6974451098256544 0.7009909108388068 0.701457347841084 0.701457347841084 0.7076160758628345 0.7094455646667759 0.7101014514377538 0.7090847947319585 0.7069820734580757 0.7069820734580757 0.7069820734580758 0.7069820734580758 0.7069820734580758 0.7069820734580758 0.7075760618940318 0.7101671045364109 0.710655425904907 0.7069820734580758
0.6893806198259926 0.6916727908685759 0.6919641529411008 0.6913920488713639 0.6908562040067943 0.6887753670991305 0.6887753670991305 0.6906011011394366 0.694190670885027 0.6906667542380936 0.6921754870760204 0.6921754870760204 0.6931302454467938 0.693068347111772 0.6937461182489689 0.696869250992282 0.6924743586758161 0.6897557645997583 0.690455420103174 0.6871428375911602 0.690455420103174 0.6914977159388235 0.6956593897541511 0.6906267402692909 0.6948102984508374 0.695637505387932 0.6913482801389256 0.6981228809628511 0.7006301409039895 0.7006301409039895 0.7006301409039895 0.7043472620832588 0.7078492943639731 0.7039427234160033 0.7069820734580758 0.708213819062426 0.708213819062426 0.7097006675341335 0.7131408014798263 0.7108705148034619 0.7089572432982797 0.708829691864601 0.7110380802059434 0.713796688250804 0.7099120016690531
0.687084694019774 0.687084694019774 0.6884002223253647 0.6887753670991305 0.6887753670991305 0.6945295564536255 0.6906011011394366 0.6887753670991305 0.6891799057663859 0.6857397718206932 0.690240331204619 0.6887134687641088 0.6869715174250434 0.6925143726446188 0.6888191358315685 0.6935785528464873 0.6928788973430715 0.693684219913947 0.6871428375911602 0.6882689161280505 0.6871428375911602 0.689839547300999 0.6888847889302255 0.693811771347626 0.6929845644105312 0.6913482801389256 0.6914320628401665 0.6958926082552896 0.7001418195354933 0.7029441963127917 0.7012460137061645 0.7004588207378726 0.7004588207378726 0.7052363673553751 0.7087021404309221 0.7079149474626302 0.7073647277591122 0.7133558903783811 0.7147989701176507 0.7121860431090529 0.7142887643829356 0.7151778696550519 0.7100395531027319 0.7100395531027319 0.7100395531027319
0.6867239240849565 0.6886371955901387 0.683728342775322 0.6868952442510734 0.6876605528531461 0.6904191608980068 0.6908380744042105 0.6901565485033784 0.6857397718206932 0.6860786573892915 0.6857397718206932 0.6869715174250434 0.6880319428632765 0.6857397718206932 0.6857397718206932 0.6891799057663858 0.6901165345345757 0.6890342247301234 0.6871428375911602 0.6878424930945759 0.6873760560922987 0.6871428375911602 0.6890961230651451 0.6908380744042103 0.6933015656129106 0.6913482801389256 0.6954880695880341 0.6914320628401665 0.6946389782847204 0.6974413550620191 0.6992051907673034 0.701479232207303 0.7041759419171418 0.7004588207378726 0.7056846747550686 0.7030098494114488 0.7104003230375494 0.7124011320076076 0.7163295873217964 0.7166647181267597 0.714693303050191 0.714693303050191 0.7177288983286281 0.7148208544838698 0.7153710741873879
0.6803938758970892 0.6833456884742856 0.6781854875557466 0.6811810688653811 0.6848544213122123 0.6842604328762564 0.6891655309274376 0.6857397718206932 0.6876930572946782 0.6900946501683567 0.689795778568561 0.6857397718206932 0.6857397718206932 0.6862062088229705 0.6862062088229705 0.6857397718206932 0.6857397718206932 0.6857397718206932 0.6857397718206932 0.6888847889302255 0.686483196056547 0.6878643774607949 0.68714283759116 0.6882251473956122 0.692474358675816 0.693024578379334 0.6913482801389256 0.6914320628401665 0.692452474309597 0.6964865966912456 0.7006920392390111 0.7039427234160033 0.7014792322073031 0.6985055352638875 0.699525946733318 0.7029223119465726 0.7091904617994182 0.7092998836305132 0.713927994448118 0.7146276499515339 0.7172843456925699 0.7181772057283216 0.714693303050191 0.7133558903783811 0.7132721076771402
0.679333450458856 0.6765710876503601 0.6757219963470463 0.6772088448187541 0.6824747128047529 0.681775057301337 0.681775057301337 0.686913373853657 0.6870227956847521 0.6896976210283718 0.6930539722728237 0.6920698200085605 0.6893512259325028 0.6902440859682544 0.691071292905349 0.6874817231597586 0.6888847889302254 0.6888410201977875 0.6863556446228681 0.6840197048478467 0.6840197048478467 0.6840197048478467 0.689052354332707 0.6857616561869121 0.6869934017912622 0.6889466872652471 0.6943219770823411 0.696209609457669 0.6914320628401665 0.6914320628401665 0.6941725412824432 0.6989500878999457 0.6983560994639897 0.6960420440551873 0.6997372808682376 0.6996097294345587 0.7041321731847037 0.7057503278537255 0.7067269705907181 0.7088515762308198 0.7129513517111256 0.7112750534707173 0.7102546420012867 0.7084289079609807 0.7129513517111256
0.6757219963470463 0.6757219963470463 0.677780948888491 0.6757219963470463 0.6757219963470463 0.6783968216906661 0.6802663244634104 0.6838777785752198 0.6865125899500368 0.6865125899500368 0.6885934268577005 0.6938630496073347 0.6953899120478452 0.693024578379334 0.6856341047532334 0.6889466872652472 0.6883526988292912 0.6840197048478469 0.6840197048478469 0.6892236744988238 0.687714941660897 0.6855065533195545 0.6840197048478467 0.6887353531303275 0.6868658503575834 0.6840197048478467 0.6897957785685608 0.6936004372127061 0.6957431724553917 0.6914320628401665 0.6934072326803703 0.6936842199139469 0.6934291170465893 0.6965084810574645 0.7011584762412881 0.7007758219402518 0.6996097294345587 0.7056846747550684 0.7039245938134194 0.7039245938134194 0.705389557918908 0.707386612125331 0.7071752779904115 0.7086621264621192 0.7084289079609806
0.679377219191294 0.6781854875557466 0.6800768746947098 0.6811810688653811 0.6782073719219655 0.6757219963470463 0.6797561187286951 0.679205899025177 0.6847487542447526 0.6864469368513798 0.6842823172424751 0.6868952442510732 0.6884658754240218 0.6888047609926201 0.6840197048478469 0.6840197048478469 0.6840197048478469 0.6851238990185181 0.6906448698718746 0.6862499775554084 0.6862499775554084 0.6876092745934372 0.6884364815305318 0.6840197048478467 0.6840197048478467 0.6842310389827663 0.6840197048478467 0.6884802502629699 0.687714941660897 0.6878643774607949 0.6898176629347798 0.6920698200085604 0.6924305899433778 0.6968911353585009 0.7012241293399453 0.6997991792032593 0.6996097294345587 0.7014573478410839 0.7029041823439889 0.7029041823439889 0.7037532736473026 0.7050069036178717 0.7071315092579734 0.7071315092579734 0.7065775347908201
